450040
450050
450070
470311
470312
501360
503530
504340
504680
505270
505480
505570
505640
506030
506320
506580
507270
507450
507560
507740
507880
508440
508540
508620
508880
509150
509490
509530
509630
509680
509780
509830
510530
510760
510870
511330
511560
512320
512430
512880
513340
513460
513560
513790
514310
514630
514635
514670
514950
515420
515670
515730
516280
516440
516560
517090
517110
517160
517300
517470
517650
517770
518110
518180
518280
518390
518480
518550
518860
519310
521120
521180
522030
522670
523130
523230
523780
523910
524180
524240
524360
524410
524460
524950
525330
525331
525760
526020
526330
526510
526520
526610
526740
526810
527070
527130
527370
527540
527650
527870
528180
528250
528360
528420
528560
528660
529080
529550
529570
529830
529960
530680
530830
531490
531920
532310
532760
533360
533520
533910
534460
534630
534800
534870
535020
535130
535290
535430
535640
535880
535930
536140
536460
536730
536980
537050
537230
537380
537640
537720
537870
537980
538210
538450
538630
538870
538980
539150
539230
539290
539470
539590
539750
540120
540260
540270
540490
540940
540960
541020
541150
541350
541570
541610
541611
541860
542080
542180
542260
542360
542370
542590
542730
542920
543080
543110
543240
543370
543420
543424
543460
543740
543770
543860
544010
544050
544230
544360
544490
544710
544830
544930
544970
545110
545270
545273
545340
545390
545870
546020
546160
546180
546560
546620
547050
547140
547150
547250
547510
547530
547760
548080
548230
548260
548360
548430
548570
548630
549060
549090
549160
549290
549380
549450
552280
552790
552990
554720
555780
555910
556640
556960
557730
560040
560180
560210
560290
560330
560340
560460
560650
560670
560790
560800
560930
560960
561060
561160
561250
561370
561440
561460
561520
561670
561720
561730
561780
561820
561870
561930
561960
562470
562570
562870
562940
563120
563570
563740
563850
564440
564620
564920
565710
565860
566510
566710
566840
566910
567390
567480
567510
567630
567680
567780
567860
568380
568860
569450
569460
569510
569540
569590
569640
569660
569690
569770
569850
569860
570060
570140
570160
570230
570250
570360
570460
570670
570710
570730
570830
571060
571270
571310
571340
571440
571780
571930
572370
572450
572590
572650
572790
572900
572970
573060
573280
573480
573780
573990
574110
574260
574470
574610
574760
574940
574941
575040
575150
575160
575540
575840
575980
576020
576040
576220
576330
576550
576620
576790
576870
577070
577130
577310
577450
577660
577760
577930
577990
578160
578320
578450
578530
578660
579020
579160
579220
579320
579570
579720
579930
580270
580400
581020
581410
581440
581500
582030
582080
582210
582380
582510
582650
583140
583210
583211
583340
583380
583430
583450
583620
583670
584240
584370
584450
584570
584720
584730
584770
585060
585270
585560
585690
586060
586330
586460
586530
586590
586600
586650
586660
587150
587250
587260
587300
587310
587520
587540
587650
588130
588340
588470
588530
589110
589210
589260
589270
589310
589440
589740
590070
590230
590460
590580
590720
590820
590870
590960
591020
591170
591340
592090
592110
592540
592650
592780
592870
592871
592930
593160
594170
594310
594560
594780
594930
595010
596320
596440
596470
596580
596630
596730
597580
597920
598380
598450
598550
599480
599970
749347
749348